   1.0000000000000000        4.4339485939023041E-003
   1.5848931924611136        9.7690789397072431E-003
   2.5118864315095801        3.9353952675588472E-002
   3.9810717055349722        2.9246047273052234E-002
   6.3095734448019334        1.6799651526866903E-002
   10.000000000000000        9.8407829957870528E-003
   15.848931924611133        6.0253216259269415E-003
   25.118864315095795        3.6543364097218691E-003
   39.810717055349734        2.2098535350145820E-003
   63.095734448019329        1.3749924615058533E-003
   100.00000000000000        8.4402866114347366E-004
   158.48931924611142        5.3173123830306513E-004
   251.18864315095797        3.2481720846769615E-004
   398.10717055349733        2.0955942672606044E-004
   630.95734448019300        1.3490663714278416E-004
   1000.0000000000000        8.3685398704330791E-005
   1584.8931924611140        5.4685112878435429E-005
   2511.8864315095798        3.5155207543267719E-005
   3981.0717055349733        2.2621172379304348E-005
   6309.5734448019302        1.4536804191110525E-005
   10000.000000000000        9.3328160694953537E-006
   15848.931924611141        5.9230133849457607E-006
   25118.864315095823        3.6103495559546966E-006
   39810.717055349691        2.1276733676710255E-006
   63095.734448019299        1.0543276631725318E-006
   100000.00000000000        4.1641808477360954E-007
   158489.31924611141        1.0520546550453948E-007
   251188.64315095820        1.5481087494679162E-008
   398107.17055349692        5.0461506263585225E-010
