  1.  0.00440166256
  1.58489319  0.00816474086
  2.51188643  0.0357218953
  3.98107171  0.0285397664
  6.30957344  0.015915208
  10.  0.00941245495
  15.8489319  0.00564456295
  25.1188643  0.00339138643
  39.8107171  0.00207342725
  63.0957344  0.0012582682
  100.  0.000778179502
  158.489319  0.000482374302
  251.188643  0.000293577973
  398.107171  0.000182591356
  630.957344  0.000113552863
  1000.  7.1074474E-05
  1584.89319  4.47403897E-05
  2511.88643  2.82421308E-05
  3981.07171  1.79060853E-05
  6309.57344  1.14241951E-05
  10000.  7.36681187E-06
  15848.9319  4.7608642E-06
  25118.8643  3.0881342E-06
  39810.7171  1.97026951E-06
  63095.7344  1.26502263E-06
  100000.  7.84722805E-07
  158489.319  4.6086241E-07
  251188.643  2.47246106E-07
  398107.171  1.11067577E-07
  630957.344  3.52935958E-08
  1000000.  6.31945295E-09
  1584893.19  3.53099239E-10
  2511886.43  4.28443381E-12
