  1.  0.0041865854
  1.58489319  0.00825132837
  2.51188643  0.0354244777
  3.98107171  0.0278275547
  6.30957344  0.0154498254
  10.  0.00924513829
  15.8489319  0.00545158681
  25.1188643  0.00327191174
  39.8107171  0.00196500874
  63.0957344  0.00120171769
  100.  0.000733936548
  158.489319  0.000451508161
  251.188643  0.000274593258
  398.107171  0.000169150491
  630.957344  0.000102966531
  1000.  6.36181614E-05
  1584.89319  3.90677764E-05
  2511.88643  2.45089089E-05
  3981.07171  1.53667984E-05
  6309.57344  9.50326104E-06
  10000.  5.9117684E-06
  15848.9319  3.75245105E-06
  25118.8643  2.41064317E-06
  39810.7171  1.53616785E-06
  63095.7344  9.92773874E-07
  100000.  6.41032672E-07
  158489.319  4.10380125E-07
  251188.643  2.68831993E-07
  398107.171  1.65935209E-07
  630957.344  1.03690146E-07
  1000000.  5.67573793E-08
  1584893.19  2.77890747E-08
  2511886.43  1.05780074E-08
  3981071.71  2.30292061E-09
  6309573.44  1.09188328E-10
  10000000.  4.07651938E-13
