        1999           1          13          13          20   56.3450012       32.7183914      -115.912399       6.03900003       4.38000011    
        1999           5          14           7          54   2.88000011       34.0676689      -116.367996       6.00000000       4.92000008    
        1999           6           1          15          18   2.43000007       32.3791695      -115.225830       12.1700001       4.92000008    
        1999           7          11          18          20   46.9609985       35.7378502      -118.474251       4.88800001       4.34999990    
        1999           8           1          16          11   22.1100006       37.4171715      -117.033501       3.36999989       5.05000019    
        1999           8          24          13           4   6.73000002       31.9436703      -114.554497       24.4400005       4.71000004    
        1999           9          10          13          40   3.42000008       32.3786697      -115.252167       13.7500000       4.80000019    
        1999          10          16           9          46   43.7900009       34.5968285      -116.273666       2.79999995       7.09999990    
        2000           2          28          23           8   42.1110001       36.0871010      -117.603027       3.34299994       4.21000004    
        2000           4           9          10          48   9.99499989       32.7023087      -115.391228       8.95400047       4.28000021    
        2000           5          27           3          35   34.5279999       35.7807083      -117.649857       4.05100012       4.05000019    
        2000           6          26          15          43   7.87200022       34.7936096      -116.298798       5.39599991       4.51000023    
        2000           9          28           4          29   47.1599998       31.5681705      -115.819832       14.1400003       4.05999994    
        2000          12           2           8          28   7.51700020       34.2647095      -116.773140       4.27699995       4.07000017    
        2000          12          24           1           4   21.2800007       34.9016685      -119.037170       16.0900002       4.42000008    
        2001           1          14           2          26   14.2580004       34.2771187      -118.417809       8.41100025       4.26000023    
        2001           5          17          21          53   45.7200012       35.7990913      -118.040398       9.05900002       4.25000000    
        2001           7          17          12           7   25.6800003       36.0148315      -117.868172       4.46999979       5.17000008    
        2001           8          16          18           4   33.7080002       32.7263489      -118.320976       17.2229996       4.36000013    
        2001           9           9          23          59   18.0340004       34.0614319      -118.392937       7.19099998       4.23999977    
        2001          10          31           7          56   16.3199997       33.5123291      -116.500671       15.9099998       5.01999998    
        2001          12           8          23          36   11.6300001       32.0509987      -115.001328       13.4700003       5.69999981    
        2002           1           2          12          11   28.7619991       33.3887901      -116.427994       11.2860003       4.21000004    
        2002           1          19          23          44   29.0300007       31.1091709      -115.356171      0.159999996       4.19000006    
        2002           1          29           5          53   28.9060001       34.3543015      -118.665253       11.7799997       4.17999983    
        2002           2          22          19          32   41.8800011       32.3563309      -115.326828       11.9600000       5.69999981    
        2002           3          16          21          33   24.0760002       33.6555099      -119.359688       15.1049995       4.59999990    
        2002           4           5           8           2   56.0070000       34.5141296      -116.295433       4.21099997       4.38999987    
        2002           4          29          12          24   41.1199989       32.0559998      -114.962997       12.4300003       4.09999990    
        2002           5          14           5           0   33.0999985       36.7283287      -121.405167       10.5200005       5.00000000    
        2002           6          14          12          40   45.0400009       36.6996689      -116.305328       9.31999969       4.57999992    
        2002           9           3           7           8   51.9869995       33.9178009      -117.785767       9.47099972       4.75000000    
        2002           9          21          21          26   16.9309998       33.2385483      -116.112190       11.5950003       4.30999994    
        2002          10          29          14          16   53.6300011       34.8055000      -116.267326       7.78000021       4.76999998    
        2002          11          12          16          48   25.7360001       35.9664803      -120.534958       7.34100008       4.21999979    
        2002          11          26          13          45   52.5419998       32.1487617      -115.116302       12.2880001       4.07999992    
        2003           1          25           9          16   10.0550003       35.3162498      -118.660339       3.84200001       4.53999996    
        2003           2           7          10          34   6.90999985       31.7448292      -115.502831       22.1700001       4.98000002    
        2003           2          22          12          19   10.3199997       34.3125000      -116.848831       4.44999981       4.98000002    
        2003           5          24           2           4   29.2830009       32.9451218      -115.560158       8.48099995       4.17000008    
        2003           6          26           6          20  0.959999979       32.0318298      -117.432999       11.6499996       4.05999994    
        2003           7          15           6          15   50.7509995       34.6166306      -116.668243       9.57299995       4.15000010    
        2003          10           8          11          26   23.2210007       32.2624817      -115.413116       1.93499994       4.28999996    
        2003          12          20          16          35   23.4899998       37.1971703      -117.867332       7.75000000       4.00000000    
        2004           1           2          10          44   52.3300018       35.7084999      -121.155327       9.43999958       4.40999985    
        2004           2          14          12          43   10.3900003       35.0286713      -119.145332       5.17000008       4.34000015    
        2004           3          16           6          38   31.4400005       36.6813316      -121.560501       3.47000003       4.32000017    
        2004           5           9           8          57   17.2290001       34.4085808      -120.004044       10.1540003       4.40000010    
        2004           6          15          22          28   50.1899986       32.3745003      -117.859497       14.2600002       4.98000002    
        2004           7          14           0          53   52.5509987       33.7118912      -116.047592       12.6140003       4.01999998    
        2004           7          24          12          55   19.8570004       34.3898087      -119.431152       6.53800011       4.26999998    
        2004           8          22           1          25   12.4960003       32.3493500      -115.213242       16.0139999       4.15999985    
        2004           9          28          17          15   24.4400005       35.8250008      -120.366173       10.8199997       6.00000000    
        2004          11          13          17          39   17.0170002       34.3820686      -116.820877      0.717000008       4.19000006    
        2004          11          24           2           6   4.07999992       36.5834999      -121.257668       9.64000034       4.34000015    
        2005           1           6          14          35   27.6779995       34.1253510      -117.447403       4.61399984       4.42000008    
        2005           2           2          13          17   38.1100006       31.9298306      -116.210831       5.71000004       4.05000019    
        2005           3          13          22           9   12.9700003       37.4551697      -118.852173       6.30000019       4.15000010    
        2005           4          16          19          18   13.5959997       34.9959106      -119.194778       11.7139997       4.59000015    
        2005           5          16           7          24   38.3870010       35.9224892      -120.492027       7.90500021       4.65000010    
        2005           6          12          15          41   46.4679985       33.5314484      -116.575493       14.4460001       5.19999981    
        2005           7          24          12          59   42.3400002       33.6521683      -119.759003       3.85999990       4.11000013    
        2005           8           6           5          40   33.5029984       36.1476517      -118.059639       4.11899996       4.26999998    
        2005           9          22          20          24   48.6150017       35.0158501      -119.026657       8.67800045       4.69000006    
        2005          10           2          13          48   9.28999996       35.6403313      -121.080833       2.23000002       4.19999981    
        2005          10          16          21          11   34.9399986       32.4249992      -118.180168       23.4699993       4.98999977    
        2005          12           3           7          49   34.5559998       34.3283882      -116.829376       4.64900017       4.17000008    
        2006           3          29           1          36   22.9950008       35.6232986      -117.577232       8.85499954       4.11000013    
        2006           5          24           4          20   26.6000004       32.3593292      -115.253998       16.3799992       5.36999989    
        2006           6          13          15          30   21.7989998       31.8252201      -116.344307       4.88700008       4.48999977    
        2006           6          30           0          28   6.66900015       33.2386017      -116.026100       4.34100008       4.36999989    
        2006           7          12          22          20   50.1879997       36.0743484      -117.895363       7.29699993       4.01999998    
        2006           9          14           0          11   6.23999977       32.7094498      -116.039597       5.98500013       4.05000019    
        2006          11          26          22          11   49.0909996       37.4582596      -118.843369       9.28499985       4.11999989    
        2006          12           8          22          46   9.94999981       31.7730007      -116.329826       11.6000004       4.32999992    
        2006          12          24           3          43   38.8979988       33.7074890      -116.041420       12.5039997       4.11000013    
        2007           3          30           9           9   35.8979988       36.0290604      -117.768967       2.33100009       4.11000013    
        2007           4          15          22          57   26.9060001       32.7003784      -116.040062       7.61499977       4.40999985    
        2007           5          22          11          34   12.7580004       35.8633003      -120.426964       3.76500010       4.09000015    
        2007           6           2           5          11   26.4099998       33.8766518      -116.199837       9.19400024       4.26000023    
        2007           7           2          19          58   51.9099998       36.8051682      -121.632332       4.86999989       4.36000013    
        2007           8           9           7          58   48.7700005       34.3038292      -118.632332       6.48000002       4.65999985    
        2007           9           2          17          29   14.9469995       33.7379112      -117.488968       9.98499966       4.73000002    
        2007           9          13           0          51   42.4199982       36.2818298      -120.287331       12.7799997       4.01999998    
        2007          10          16           8          53   44.0239983       34.3754997      -117.650490       8.33300018       4.19999981    
        2007          11          28          22          49   29.6200008       31.6906700      -115.510002       16.7800007       4.17000008    
        2007          12          19          12          14   9.79800034       34.1627197      -116.990868       11.9709997       4.05999994    
        2008           2           9           7          12   6.61000013       32.3603287      -115.279831       6.19999981       5.09999990    
        2008           5           1           3          55   36.0079994       33.4467087      -116.440048       8.87300014       4.19000006    
        2008           6          18           6          50   26.4549999       31.8771305      -116.339539       7.18900013       4.34999990    
        2008           7          29          18          42   15.2700005       33.9510002      -117.765999       14.8199997       5.44000006    
        2008           9           5          21          54   34.4300003       32.3793297      -115.246674       14.5500002       4.63000011    
        2008          10           2           9          41   49.2669983       34.0909119      -116.971184       14.2849998       4.13999987    
        2008          11          17          12          35   42.3730011       33.5066490      -116.850723       11.1910000       4.11000013    
        2008          11          29          21          14   9.35299969       35.9724007      -117.316841       4.65799999       4.03000021    
        2008          12          28           5          17   7.86600018       32.5652809      -115.521477       15.0299997       4.51999998    
        2009           1           9           3          49   46.3559990       34.1093216      -117.305634       14.6639996       4.44999981    
        2009           1          29           8          41   59.4000015       32.6828308      -118.273331       11.8999996       4.19000006    
        2009           3          24          11          55   44.0099983       33.3133583      -115.735519       7.12400007       4.76999998    
        2009           4          12           3          19   24.4599991       32.3793297      -115.254669       17.4099998       4.21999979    
        2009           5           2           1          11   13.6250000       34.0749397      -118.892059       11.7119999       4.42000008    
        2009           6          20           1           0   30.4710007       32.8768005      -118.036598       13.7819996       4.11000013    
        2009           6          29          21          40  0.409999996       31.9720001      -115.474998       15.7299995       4.19999981    
        2009           9          19          22          55   19.0100002       32.4736710      -115.301666       13.1000004       5.07999992    
        2009          10           1          10           1   23.9699993       36.3844986      -117.851501       3.56999993       5.00000000    
        2009          10          13           8          38   52.5200005       32.2358284      -115.323669       12.7900000       4.32000017    
        2009          11          15          22          45   27.2479992       33.1834793      -119.287613       9.56400013       4.34999990    
        2009          12          30          18          48   57.1800003       32.4630013      -115.169502       17.0200005       5.80000019    
        2010           1           7          18           9   33.3699989       37.5003319      -121.846329       4.23999977       4.09999990    
        2010           2           1          14          19   48.8100014       32.0431709      -117.459328       11.4499998       4.40000010    
        2010           2          13          21          39   6.62200022       34.0122604      -117.184258       8.61900043       4.09999990    
        2010           3           9           4          18   21.8789997       32.9991112      -116.338699       6.40999985       4.01999998    
        2010           4           4          22          40   42.4700012       32.2991714      -115.293327       16.2000008       7.19999981
        2010           5          26           3          57   29.2479992       32.1978416      -117.620270       12.5609999       4.21999979    
        2010           6          10          22           7   14.3590002       32.0895500      -115.114990       13.6160002       4.13999987    
        2010           7           5           9          30   36.7099991       31.7756691      -114.996834       29.5000000       4.36000013    
        2010           8           6          17          39   31.7329998       33.9840088      -116.438766       8.30399990       4.05000019    
        2010           8          24          21          43   40.2509995       32.4158897      -115.419006       11.8920002       4.21999979    
        2010           9          25          16          47   38.5000000       31.2301693      -115.568832       20.6900005       4.21000004    
        2010          10           5          21          22   47.1660004       37.1620903      -117.378738       3.81500006       4.03000021    
        2010          10          20          23           1   53.6899986       31.3815002      -116.074173       1.92999995       4.69999981    
        2010          12           9           9           2   28.2010002       32.6283493      -115.757057       7.54600000       4.01000023    
        2011           4          11          13           0   12.6300001       31.2466698      -115.466667       7.23999977       4.07000017    
        2011           5           3          21          41   50.0340004       36.3993111      -117.872932       9.00899982       4.44999981    
        2011           6           9          15          22   12.3509998       32.6531410      -115.735748       3.59200001       4.42000008    
        2011           8          27           7          18   19.7399998       36.5476685      -121.232498       2.08999991       4.46000004    
        2011           9          13          20          18   9.91899967       32.1354485      -115.157356       12.7189999       4.03000021    
        2011          10          13          15          57   14.2830000       31.8124104      -116.027733       15.1960001       4.26000023    
        2011          11           1          15          38   22.9370003       35.6915512      -117.604698       8.02200031       4.09999990    
        2011          12          30          15          34   30.7399998       32.2231712      -115.266167       12.3400002       4.30999994    
        2012           5          22          15           6   24.8419991       32.6818504      -115.712914       8.03299999       4.03000021    
        2012           8           6           7          35   49.3899994       35.9501686      -120.509171       9.57999992       4.44999981    
        2012           8          26          19          20   4.34000015       33.0245018      -115.544670       11.9300003       4.59000015    
        2012           9           7          13          23   49.6839981       36.1284294      -120.013229       6.80499983       4.09999990    
        2012           9          24          22          55   13.2700005       31.8729992      -114.961670       12.0799999       4.03999996    
        2012          10           8           0          39   8.52400017       33.0245590      -116.304428       9.01000023       4.15999985    
        2012          10          19           2          51   56.3899994       32.1795006      -115.208504       15.2799997       4.01000023    
        2012          10          29           4          25   16.4589996       36.5958214      -121.234482       6.95800018       4.01999998    
        2013           2          25          22          53   3.20000005       31.1854992      -115.968674       24.3700008       4.13999987    
        2013           3          11          16          56   5.86000013       33.5098305      -116.455170       11.0500002       4.69999981    
        2013           4          17           2          57   58.0620003       32.2294502      -115.296028       14.5550003       4.07999992    
        2013           5          15          20           0   5.75000000       33.6635017      -118.386330       3.00000000       4.07999992    
        2013           5          29          14          38   3.51999998       34.4162598      -119.912338       10.0799999       4.80000019    
        2013           6          11          15           2   19.0300007       29.9860001      -114.114166       4.98000002       4.40000010    
        2013           6          28           3          52   42.7099991       36.6411705      -121.369171       30.0300007       4.05999994    
        2013           7          24          16          46   2.61599994       35.4883194      -118.286278       4.87599993       4.28999996    
        2013           8          24           1          16   31.2980003       34.6014214      -120.876640       9.78899956       4.05999994    
        2013           9          14          10          25   36.2500000       32.4029694      -115.225990       9.71199989       4.07999992    
        2013          10           6           2           6   22.1700001       34.7106400      -116.299721       6.34399986       4.28000021    
        2013          11          12          15          44   27.2000008       30.1848297      -114.035172       8.93999958       4.13999987    
        2013          12          13           7          49   57.5730019       35.8125191      -119.809357       15.8789997       4.13000011    
        2013          12          23          13          39   26.4139996       36.1429901      -118.055893       4.41900015       4.30000019    
        2014           1          15           9          35   18.9769993       34.1465912      -117.442902       3.75300002       4.42999983    
        2014           1          28          16          20   10.5500002       37.3391685      -114.105667      -1.36000001       4.09999990    
        2014           2          27          18          52   26.0300007       35.8801689      -121.853500       17.6499996       4.09999990    
        2014           3          13           2          11   4.20699978       36.1206703      -118.057426       5.14699984       4.38999987    
        2014           3          29           4           9   41.5499992       33.9206696      -117.935173       5.26999998       5.09999990    
        2014           4          19          12          15   13.2299995       35.4683304      -118.523659       4.54899979       4.23999977    
        2014           5          10           2           5   25.6599998       31.2380695      -115.934830       5.01000023       4.01000023    
        2014           6           2           2          36   43.5099983       34.1021690      -118.501831       4.17999983       4.15999985    
        2014           9           7          12          13   56.9900017       32.2184982      -117.622673       13.9700003       4.01999998    
        2014           9          16          16          51   16.1299992       30.8118305      -114.259171       6.65000010       4.40000010    
        2014           9          28          20          45   13.6300001       36.6355019      -120.797668       15.6000004       4.40000010    
        2014          11          10           8          42   42.9140015       32.8516312      -118.635750       6.39300013       4.11000013    
        2014          11          20           6          26   49.9570007       36.7938309      -121.531250       5.65899992       4.34000015    
        2014          12          24           5          51   50.7700005       33.1783295      -115.595497       2.73000002       4.19000006    
        2015           1           4           3          18   9.55000019       34.6084404      -118.635857       8.63700008       4.25000000    
        2015           1          20          13          21   37.2500000       36.4189987      -120.953667       9.55000019       4.48999977    
        2015           2           9           1          45   2.90000010       31.5186691      -115.677834       13.5500002       4.88999987    
        2015           3          27          13          30   14.3190002       36.2347183      -120.338547       9.68200016       4.09999990    
        2015           4           8          19          23   15.2889996       32.3788109      -115.227768       11.2150002       4.26999998    
        2015           5          21           3          15   30.0319996       33.1537514      -115.637260       5.86399984       4.09999990    
        2015           9          16          16          10   47.4659996       34.1386414      -116.855499       11.5539999       4.00000000    
        2015          11          13          17          17   18.3299999       31.6058292      -116.014999       9.96000004       4.28000021    
        2015          12          24          19          14   46.5649986       37.4000511      -118.512672       4.98400021       4.00000000    
        2016           1           6          14          42   35.0029984       33.9658012      -116.881279       16.6770000       4.38999987    
        2016           1          24          15          32   16.5130005       34.6982918      -116.243752       4.73400021       4.11000013    
        2016           3          12           8          42   40.4939995       34.5241585      -119.082352       16.5160007       4.13000011    
        2016           5          11           9           3   12.6099997       30.9386692      -115.494667       9.89000034       4.40000010    
        2016           6          10           8           4   38.5099983       33.4383316      -116.431000       13.0600004       5.19000006    
        2016           7          19          21          38   39.4080009       36.6939011      -121.337280       4.72700024       4.19999981    
        2016           7          31          16          21   5.98600006       32.9586906      -115.758812       3.31100011       4.03000021    
        2017           3          17          20           0  0.470999986       31.2701797      -115.659210       10.7910004       4.11000013    
        2017           3          31          10          55   53.4700012       36.8648300      -121.639328       7.19000006       4.00000000    
        2017           5          17           4          42   25.6520004       34.4307785      -120.000191       10.5400000       4.05999994    
        2017           7          17           9          27   4.76999998       36.7311707      -115.892830       5.15000010       4.09999990    
        2017           7          29           0          42   25.0499992       31.3099995      -115.404999       14.5000000       4.28999996    
        2017           8          22          19          51   59.6609993       35.9058990      -116.931534       8.96100044       4.07000017    
        2017          10          10           0          53   18.5699997       37.3110008      -121.652168       7.00000000       4.09999990    
        2017          10          26          20          38   51.1660004       34.4755516      -120.604553       6.89900017       4.32999992    
        2017          11          13          19          31   30.2199993       36.6074982      -121.264832       2.50999999       4.59999990    
        2018           1          21          17           4   14.6099997       30.2208309      -113.860672     -0.270000011       4.50000000    
        2018           4           5          19          29   16.7500000       33.8496704      -119.715172       10.2100000       5.30999994    
        2018           5           8          11          49   34.3460007       34.0210190      -116.785973       13.1660004       4.48999977    
        2018           7           5          15          17   37.1399994       35.8946686      -115.757332       4.65000010       4.61999989    
        2018           7          25          20          17   57.1669998       31.9629002      -116.270714       14.7930002       4.19000006    
        2018           8          15           1          24   26.6609993       33.4923096      -116.789551       3.60599995       4.42999983    
        2018           8          29           2          33   28.4160004       34.1293907      -117.782188       4.93900013       4.40999985    
        2018           9          29           2          17   46.1520004       32.4113312      -115.213371       10.6529999       4.40999985    
        2018          10          17          17          47   12.4200001       30.2356701      -113.932167     -0.250000000       4.01000023    
        2018          11           2          12          58   54.4399986       36.6618996      -121.339561       4.01499987       4.09999990    
        2018          11          19          20          18   42.6899986       32.2271690      -115.257668       17.6200008       4.82000017    
        2018          12           5          21          40   17.0179996       35.7330818      -117.075882       12.1190004       4.19999981    
        2019           2          25          18          27   9.98999977       30.2136707      -114.230499       10.3400002       4.53999996    
        2019           4          15          17          55   58.4500008       37.3951683      -118.549004       5.55800009       4.03000021    
        2019           5          10          17           5   46.0200005       31.4745007      -114.461670       20.6399994       4.13000011    
        2019           6           5          10          47   18.8360004       32.8265991      -118.476532       7.49900007       4.28000021    
        2019           7           4          17          33   48.5299988       35.7075005      -117.501503       11.7799997       6.40000010    
        2019          10          15          19          42   31.3600006       36.6031685      -121.283333       9.06000042       4.80000019    
        2019          12          17          18          29   21.2779999       35.7986412      -120.349289       3.73300004       4.30000019    
