           1   46.902994847577197     
           2   46.283904286020288     
           3   46.336227661923949     
           4   46.755405294807730     
           5   45.367140983060288     
           6   43.207183081562846     
           7   43.461180745906560     
           8   46.195421114941617     
           9   47.852628472665316     
          10   46.117162921794417     
          11   47.872471414636202     
          12   48.451449418637281     
          13   48.064755978484733     
          14   48.219308269891513     
          15   46.922451909833185     
          16   46.551264523214527     
          17   45.048641190076502     
          18   44.186831806821537     
          19   42.978761363059697     
          20   43.152128884890800     
          21   42.594730360324206     
          22   42.165620871790907     
          23   42.318677797432748     
          24   42.341151562347292     
          25   45.013250355324232     
          26   46.321545464162106     
          27   48.605683715391280     
          28   49.994664214521471     
          29   51.364338413790762     
          30   52.715524619656129     
          31   52.269298595915309     
          32   52.187890547037945     
          33   51.995174767103123     
          34   52.301207959772576     
          35   53.268286302774946     
          36   54.968675554613412     
          37   56.011457689174051     
          38   56.328011784043646     
          39   55.158662850686085     
          40   54.215897895616671     
          41   54.710041171554323     
          42   54.586826074149727     
          43   57.261686040351542     
          44   59.165776411231228     
          45   60.918560708152334     
          46   61.580650580625218     
          47   60.777473654990573     
          48   59.853530227062393     
          49   58.879823069743267     
          50   57.018493658502926     
          51   56.039818345720683     
          52   54.139155742152433     
          53   53.331576899722741     
          54   53.635591201784024     
          55   53.185273031477386     
          56   54.576969487854136     
          57   55.025324164959819     
          58   56.256224031953529     
          59   57.917115037730994     
          60   57.903803620744917     
          61   60.695613723764261     
          62   60.022428759312852     
          63   59.110688448772052     
          64   59.662399399182426     
          65   58.274726350779659     
          66   56.475102604768438     
          67   55.211979286713444     
          68   55.790687588214155     
          69   54.336463211061414     
          70   55.156909336635984     
          71   55.844584419068738     
          72   57.225054785425286     
          73   57.158727074815637     
          74   57.890716991089668     
          75   57.412071534074173     
          76   58.125473013208193     
          77   59.096745376439323     
          78   59.532196475741877     
          79   60.126212660697206     
          80   60.003323980173825     
          81   60.121082658935904     
          82   60.574360872459934     
          83   60.746777917868741     
          84   60.733344559712251     
          85   61.288488070381831     
          86   60.979091361641913     
          87   59.325596735753130     
          88   58.648224935373655     
          89   56.100220793174017     
          90   56.292757267271419     
          91   55.113974137486103     
          92   57.281735344949652     
          93   57.285715414282102     
          94   57.188597912737478     
          95   58.648831723786394     
          96   56.878348621677048     
          97   55.337185277637680     
          98   55.446407006945407     
          99   57.006585112744858     
         100   56.332147092942144     
         101   57.273253845077974     
         102   57.131143045367907     
         103   57.479527759594717     
         104   57.081250500573979     
         105   57.430352203773438     
         106   55.968078970215863     
         107   54.217889450367359     
         108   53.238524798361439     
         109   54.806925176657849     
         110   54.190933675649944     
         111   52.585917922945434     
         112   52.433369974230544     
         113   52.945877299153373     
         114   53.205564709637379     
         115   52.332051700553585     
         116   52.407525793717362     
         117   51.104938770526005     
         118   52.164693431267082     
         119   52.127963829715775     
         120   51.120963943734246     
         121   53.671797937109986     
         122   54.236184023816080     
         123   54.213408980174002     
         124   56.018537499247593     
         125   55.982966064582904     
         126   56.293832368822777     
         127   55.105549214789114     
         128   55.382292006267804     
         129   55.335152335188766     
         130   56.051387425322503     
         131   55.177393922301867     
         132   55.253928110282210     
         133   54.308518655150991     
         134   52.982735118421104     
         135   51.201554829401672     
         136   50.373021377055615     
         137   52.291666432978815     
         138   52.719588747557310     
         139   53.050464652108346     
         140   52.997054843524580     
         141   52.408125725603810     
         142   50.028490093818043     
         143   49.197800930280337     
         144   49.193077000983791     
         145   49.318480033274184     
         146   46.419529711523616     
         147   46.945738155563006     
         148   47.869088519058373     
         149   47.070923701853083     
         150   48.412258136497734     
         151   46.680096826511438     
         152   46.525687762472593     
         153   45.246791866863340     
         154   45.473662295633822     
         155   45.073692420260812     
         156   44.042066465443547     
         157   43.114784787704018     
         158   40.165383186165833     
         159   39.101338939662959     
         160   37.691586867255495     
         161   37.276401300499735     
         162   36.322522162318201     
         163   39.034995281883745     
         164   39.879539169814947     
         165   40.254949348849969     
         166   42.312673457511302     
         167   42.232385757381479     
         168   42.224743835577577     
         169   39.152015483951345     
         170   39.216699932241276     
         171   38.969681449584762     
         172   38.223792065674665     
         173   38.453026335783818     
         174   39.646703276866660     
         175   38.457085119385724     
         176   40.315290658896075     
         177   39.363482707772675     
         178   37.546456341606344     
         179   37.045241923329492     
         180   37.143392068352817     
         181   38.066784583725912     
         182   38.133705651644995     
         183   37.843286487972726     
         184   34.392964276643994     
         185   36.193816631031616     
         186   37.924152710936397     
         187   38.970871607411866     
         188   40.297952384736206     
         189   40.447895119390068     
         190   40.332002547023066     
         191   40.184171059554778     
         192   39.708039329621784     
         193   39.327946580657994     
         194   39.163698471831168     
         195   39.325880117579608     
         196   38.135154069213691     
         197   38.139307165966116     
         198   40.729226821920101     
         199   39.254682727943354     
         200   39.716706892941993     
         201   39.711047818759177     
         202   40.919583880555948     
         203   40.168749374266504     
         204   39.166346455641225     
         205   38.634340038352462     
         206   36.224341275000434     
         207   36.989753362041320     
         208   36.079493885968240     
         209   37.343576651024918     
         210   35.330522346513689     
         211   33.236228615564755     
         212   33.206744950954821     
         213   34.261153057057207     
         214   32.972382665802179     
         215   29.388843241472781     
         216   27.946379981414381     
         217   27.419514464944907     
         218   27.919576978469784     
         219   25.181674958377034     
         220   27.389168715590184     
         221   26.585906298334596     
         222   25.252552797990933     
         223   26.930454269066125     
         224   27.725315594123312     
         225   29.311664700660931     
         226   29.661698697845733     
         227   31.368484507576323     
         228   30.653940760396146     
         229   29.423536803372265     
         230   30.876991487364599     
         231   32.916302545822923     
         232   33.541710111076902     
         233   32.338276548826670     
         234   31.120064355499398     
         235   29.349099792981040     
         236   30.632690842976313     
         237   28.084841410891602     
         238   28.392613552315574     
         239   28.388536131649719     
         240   28.329004247658510     
         241   29.574716895560766     
         242   29.990807492396264     
         243   30.583367338601565     
         244   32.063769853644871     
         245   32.313660754477695     
         246   33.778414870258707     
         247   33.704224809261468     
         248   37.800220480042711     
         249   39.661262373633647     
         250   40.401142993857412     
         251   41.319227030074700     
         252   39.254012959672792     
         253   41.311274533365371     
         254   41.576778234361768     
         255   41.362091381985501     
         256   42.079740940800143     
         257   41.511008148049960     
         258   44.232428483172399     
         259   44.376069669897468     
         260   47.127755977154720     
         261   47.024834078417989     
         262   46.986356397237209     
         263   46.311274876566159     
         264   44.266242104706187     
         265   45.301486538879033     
         266   45.605512674480700     
         267   47.269582685442828     
         268   49.712633806169421     
         269   50.413514558700655     
         270   51.960251801219222     
         271   52.266977040697327     
         272   53.343299818447278     
         273   54.264854265259885     
         274   53.417839797237491     
         275   53.127517156711420     
         276   53.555827958689491     
         277   51.349678937839698     
         278   53.231804190817250     
         279   54.057225918338844     
         280   55.403848684245546     
         281   56.084019361567897     
         282   56.989689844478796     
         283   56.455188766989338     
         284   56.076571983720221     
         285   56.538435321500863     
         286   55.280686934962119     
         287   56.272367947248355     
         288   55.924678042644445     
         289   55.037162287033631     
         290   53.175624644640628     
         291   54.053879644434311     
         292   53.399289603370271     
         293   51.946118803721539     
         294   52.201485956430353     
         295   51.513466634886584     
         296   51.402111508120896     
         297   52.048156657128345     
         298   53.771920478248802     
         299   53.183484558409113     
         300   54.854758236496018     
         301   54.191072526478003     
         302   55.103642456204291     
         303   55.914084146361510     
         304   54.149035735458000     
         305   55.235224819016068     
         306   56.246979572499193     
         307   56.237437193796737     
         308   57.711842830396627     
         309   59.249580319603545     
         310   58.476626119849698     
         311   58.177602038894200     
         312   58.940243131195380     
         313   58.893722084782553     
         314   57.630856630867633     
         315   56.195740367831306     
         316   57.157058228998380     
         317   56.862703041528270     
         318   56.887274652953614     
         319   55.553263788637118     
         320   54.312317328501010     
         321   54.151762612282802     
         322   54.987096452004202     
         323   55.816197246707112     
         324   54.448607786103359     
         325   54.208838703098181     
         326   55.674577825385839     
         327   55.129631611855139     
         328   55.477098857844695     
         329   56.033847225140129     
         330   53.163237451843607     
         331   52.183278118944358     
         332   52.592049029125761     
         333   52.287537101918261     
         334   53.673725843176030     
         335   53.145279030804147     
         336   55.005536055189815     
         337   53.997679730399582     
         338   54.127819939086805     
         339   53.289899841093728     
         340   53.055349013408680     
         341   52.022013372850850     
         342   50.481205811625394     
         343   50.589619120385066     
         344   49.511710284635306     
         345   50.819466940753571     
         346   50.421148858647079     
         347   51.547857940309498     
         348   51.935586576630790     
         349   50.560935498989807     
         350   51.864131606826732     
         351   51.746559137525800     
         352   50.793046235226456     
         353   47.247573719711433     
         354   48.803128732583531     
         355   48.132400632105949     
         356   49.956123241759734     
         357   47.413919892288789     
         358   49.289117931577707     
         359   48.696988633270955     
         360   48.098175632902667     
         361   50.629379544650341     
         362   51.010019930377069     
         363   49.115359217071877     
         364   47.573035729743445     
         365   48.133775138351631     
         366   47.340154453041258     
         367   50.082879994133322     
         368   52.483999448932408     
         369   53.105589493575039     
         370   53.292296056314051     
         371   51.160789362354080     
         372   52.870181077636119     
         373   53.164755879311848     
         374   53.041316575397268     
         375   52.160194963630659     
         376   54.643258223496368     
         377   54.069270218869192     
         378   53.222152196855951     
         379   54.882529760486513     
         380   55.013736076182887     
         381   55.805869246226351     
         382   56.020418917805365     
         383   54.157504963296020     
         384   55.839544520202551     
         385   55.866321547810244     
         386   54.173357682192275     
         387   55.332369941480607     
         388   55.275271414720279     
         389   54.472023529866597     
         390   54.331563334505212     
         391   54.495885219949379     
         392   55.124392478078803     
         393   56.165494071657228     
         394   56.133633315534667     
         395   57.032855527892323     
         396   56.760498728952136     
         397   56.225734850442741     
         398   56.869059203980314     
         399   56.019178687410246     
         400   56.085885187475661     
         401   55.563293177966848     
         402   55.939438027369107     
         403   54.281133268816816     
         404   53.400432045469820     
         405   51.239877280162105     
         406   52.190447132114940     
         407   54.983536184122343     
         408   55.931841630477628     
         409   56.412416638025917     
         410   56.582735806871234     
         411   56.167962929796644     
         412   56.042898723104912     
         413   57.583251363720443     
         414   56.193263223996802     
         415   58.898473956978791     
         416   59.370310051967422     
         417   61.161260068514359     
         418   60.971763813978541     
         419   61.036510479030404     
         420   60.012925852644216     
         421   57.131269228325870     
         422   57.418518578245092     
         423   58.182700592782524     
         424   59.605060339614809     
         425   59.307616361113865     
         426   59.033336568448135     
         427   58.076826061808923     
         428   57.246328826017084     
         429   56.968630916781585     
         430   55.305838395374856     
         431   55.869832717712328     
         432   55.077003979655991     
         433   56.075862679824588     
         434   55.548039105470430     
         435   55.737846411768366     
         436   52.212453551961758     
         437   53.392053142495364     
         438   54.436933868360100     
         439   54.960871239211052     
         440   55.977947920470925     
         441   55.949949309561426     
         442   55.451910208663598     
         443   54.959273170323705     
         444   52.957351351171113     
         445   52.264423065578789     
         446   50.714342034352050     
         447   51.523171102394279     
         448   53.079503456363454     
         449   52.844319445851013     
         450   51.993786958878779     
         451   50.078195760533617     
         452   48.956498377488650     
         453   47.109253191480391     
         454   48.165510774314114     
         455   48.625174038567842     
         456   47.321545491101922     
         457   49.552899488074090     
         458   49.484797082082039     
         459   48.225603008704823     
         460   49.684469542217137     
         461   50.039857645423467     
         462   49.047193720803641     
         463   48.541510725879341     
         464   48.116927774447760     
         465   46.666736631970267     
         466   45.189174438032950     
         467   46.100782314039407     
         468   46.345412066106256     
         469   47.323043453949595     
         470   47.126451805337148     
         471   47.304899260668137     
         472   46.748588670526665     
         473   44.919997557343173     
         474   43.184599660707107     
         475   42.236047073298373     
         476   39.471428468770675     
         477   40.822262299229038     
         478   42.912328257912293     
         479   43.927644966799541     
         480   42.258988732363960     
         481   43.007051799990556     
         482   43.249273816914751     
         483   45.025946685754938     
         484   45.404039972609894     
         485   44.180369284795326     
         486   44.394712495822169     
         487   44.216888106440322     
         488   43.227061373565959     
         489   44.741927117781117     
         490   44.093841372968612     
         491   45.013026465695120     
         492   45.039035708374882     
         493   45.968720846412282     
         494   44.200256924905069     
         495   42.557466762346394     
         496   42.211840655584645     
         497   42.428830062147057     
         498   44.296016641483526     
         499   44.277573678735976     
         500   44.853050235528194     
         501   45.167808020424971     
         502   45.214002138810557     
         503   45.383638329181068     
         504   44.348865952066191     
         505   42.158378874792810     
         506   44.958618919842223     
         507   45.138049401423679     
         508   45.344279205957093     
         509   47.712130123198470     
         510   48.094205518041306     
         511   48.063172045072648     
         512   47.219609897722115     
 
              
 
           1   46.910842346477665     
           2   46.293332553512634     
           3   46.344695465009323     
           4   46.765814663228767     
           5   45.374768815713971     
           6   43.213687707973605     
           7   43.472266310529591     
           8   46.212453475169916     
           9   47.860710498548087     
          10   46.121545023714923     
          11   47.884878215759294     
          12   48.468794872936073     
          13   48.081018119685368     
          14   48.241464783015488     
          15   46.931409656602668     
          16   46.562086947464159     
          17   45.051639047421254     
          18   44.195531394470002     
          19   42.992104864797199     
          20   43.176194717966190     
          21   42.608547328723702     
          22   42.170506898791238     
          23   42.340821099318319     
          24   42.347955860186254     
          25   45.018031789788374     
          26   46.331310772793245     
          27   48.617743229712154     
          28   50.000797295735531     
          29   51.380840672591255     
          30   52.725967935779785     
          31   52.277529243265782     
          32   52.192532555757786     
          33   52.004503301801911     
          34   52.317506287003951     
          35   53.288352415445395     
          36   54.980495502207496     
          37   56.028810684511676     
          38   56.369439998258059     
          39   55.272317771922452     
          40   54.445614450753446     
          41   56.380392255264219     
          42   57.276589465684680     
          43   57.680789752164110     
          44   59.308395811784422     
          45   61.001890481613039     
          46   61.722257310287503     
          47   60.874959152220910     
          48   59.919175038829465     
          49   58.901026390136032     
          50   57.023837943252133     
          51   56.048905604500185     
          52   54.143466392626301     
          53   53.338826690051057     
          54   53.657661959032851     
          55   53.197901062936012     
          56   54.590115215042054     
          57   55.029922253137464     
          58   56.262511570002935     
          59   57.933164187675310     
          60   57.917054386474142     
          61   60.708200746149686     
          62   60.053388382870658     
          63   59.116277484409189     
          64   59.692236976308763     
          65   58.309285800350267     
          66   56.496595398932634     
          67   55.219113034410512     
          68   55.799060360857233     
          69   54.346606109505274     
          70   55.169819631029775     
          71   55.858286420657556     
          72   57.245610351714490     
          73   57.163667541795483     
          74   57.906112574779456     
          75   57.431948071505566     
          76   58.133024670861786     
          77   59.107143773592881     
          78   59.566018544577432     
          79   60.132184915685741     
          80   60.010683398448421     
          81   60.125067567782345     
          82   60.585596425142171     
          83   60.767789166560711     
          84   60.761262386960915     
          85   61.321832281560610     
          86   60.984759519155872     
          87   59.333458786725181     
          88   58.661907331595870     
          89   56.107095081560814     
          90   56.305246676263430     
          91   55.125335260318884     
          92   57.294238770697994     
          93   57.293066867359308     
          94   57.195297998932510     
          95   58.663785772945992     
          96   56.894579091179679     
          97   55.345451439418241     
          98   55.472239319783355     
          99   57.038053741444401     
         100   56.344219111149251     
         101   57.282346611311851     
         102   57.135244580982622     
         103   57.489007733193212     
         104   57.086945419306083     
         105   57.451334486319737     
         106   55.973208804546744     
         107   54.223990953316665     
         108   53.243396996949890     
         109   54.816756319388020     
         110   54.205135571576228     
         111   52.616862256387016     
         112   52.451504684863409     
         113   52.979938575737073     
         114   53.221257634186166     
         115   52.340700454026226     
         116   52.421755307727857     
         117   51.110309038144813     
         118   52.177422693617594     
         119   52.133248569426058     
         120   51.146151549764049     
         121   53.778138659946002     
         122   54.261832501589751     
         123   54.221061733986140     
         124   56.028031954425302     
         125   55.993264956955421     
         126   56.323217358611636     
         127   55.116519301516689     
         128   55.398870615138613     
         129   55.347855416928887     
         130   56.060153308817441     
         131   55.190488907328486     
         132   55.279382958165513     
         133   54.336140036132470     
         134   52.994640435430064     
         135   51.215349852158639     
         136   50.396598848644167     
         137   52.420733342934554     
         138   52.784895603047460     
         139   53.066615179741603     
         140   53.027579919611988     
         141   52.484707013942923     
         142   50.060297155101651     
         143   49.244562815247164     
         144   49.471026297036936     
         145   50.948385220220942     
         146   50.814662734185340     
         147   49.365533189184553     
         148   49.930538194925632     
         149   47.307833497703371     
         150   49.403615662846228     
         151   49.225896764986942     
         152   48.836879955293519     
         153   47.605411100969278     
         154   48.470463998683115     
         155   45.400649442297713     
         156   46.021640074050239     
         157   43.422209684363175     
         158   40.302287416409918     
         159   39.309296446921444     
         160   40.096921478477206     
         161   39.467943995603456     
         162   40.958664096488967     
         163   41.107184149108861     
         164   40.105955291707652     
         165   40.407862911326433     
         166   42.449414864627343     
         167   42.294552706652276     
         168   42.285240531175411     
         169   39.175091452062418     
         170   39.272737118189347     
         171   39.219861744318607     
         172   40.262094485805868     
         173   41.174046780862227     
         174   42.696219016509886     
         175   42.200733810907337     
         176   42.136611379856866     
         177   42.040505130717825     
         178   40.103055402155626     
         179   37.264880187643442     
         180   37.247523501473765     
         181   38.205832435327530     
         182   38.400238688061400     
         183   38.214565660926702     
         184   39.602049130664660     
         185   40.106105700315346     
         186   38.346778628106868     
         187   39.217056057511464     
         188   42.915136942219362     
         189   43.298849962987489     
         190   43.969376431049177     
         191   44.323439312704387     
         192   44.736496319061295     
         193   45.873435944401173     
         194   46.274438051451909     
         195   48.882085954784792     
         196   48.232667011196604     
         197   49.181149272007033     
         198   51.137788079743878     
         199   52.224092379046319     
         200   53.798460852152303     
         201   53.277681048055328     
         202   54.790796408956346     
         203   53.215470440644282     
         204   54.223907254509832     
         205   55.065445708499105     
         206   56.204066018910552     
         207   56.907322674331809     
         208   58.520273796324453     
         209   58.648618546707844     
         210   57.589536226486146     
         211   56.037308643380086     
         212   54.616619314806293     
         213   53.034697377196643     
         214   51.452401734279889     
         215   51.090117009217600     
         216   49.254208928905030     
         217   48.822646643036421     
         218   47.021293461465866     
         219   48.837034040035626     
         220   49.478148404957913     
         221   47.652418995076296     
         222   48.237093734751831     
         223   46.273264290302606     
         224   48.193585399675769     
         225   49.905754965771855     
         226   49.993250905505732     
         227   48.441595137511769     
         228   47.472736193566483     
         229   49.026007615841102     
         230   48.843246791906871     
         231   48.396027323344335     
         232   48.227798330980910     
         233   47.870677789249967     
         234   47.830769222401699     
         235   46.087671654543861     
         236   46.144837833166918     
         237   45.239072319040041     
         238   45.362143548661471     
         239   47.730603134424264     
         240   45.346086245458274     
         241   47.871580886620443     
         242   48.054215677373342     
         243   49.251118271477630     
         244   48.155006882158695     
         245   47.583903534610627     
         246   45.173360596929612     
         247   47.054150094673453     
         248   49.083141952812930     
         249   50.278586968251410     
         250   52.306476483234249     
         251   52.135600282079714     
         252   54.011192871638315     
         253   55.821065438052585     
         254   54.947304987403264     
         255   52.276664663882997     
         256   52.167574602902690     
         257   53.996048478017975     
         258   53.483031955159909     
         259   54.841297300341594     
         260   53.315731216330846     
         261   52.101133042940873     
         262   53.729337018834308     
         263   53.573850910549794     
         264   53.570890198445554     
         265   55.008572628542119     
         266   57.046976308327608     
         267   57.848715526837722     
         268   57.141941762775538     
         269   57.905480991669521     
         270   56.214639742733517     
         271   57.383109869028509     
         272   56.101698024037510     
         273   54.860972820068589     
         274   53.680919364082662     
         275   53.188156492722165     
         276   53.676944212533527     
         277   51.444054358456526     
         278   53.387263112429252     
         279   54.216673021578323     
         280   56.940401803740308     
         281   56.200146324021432     
         282   57.037718908997874     
         283   56.533079217993958     
         284   56.093420207725345     
         285   56.610226934368200     
         286   55.365134018292522     
         287   56.313215490825748     
         288   55.941696993355869     
         289   55.047352046038668     
         290   53.185166782795008     
         291   54.067273324212586     
         292   53.420760801405606     
         293   51.956035958906710     
         294   52.224024604615458     
         295   51.559081390983565     
         296   51.418410818303698     
         297   52.068738598668418     
         298   53.786123805381152     
         299   53.194095326632407     
         300   54.913746503657578     
         301   54.219548357558459     
         302   55.117724164688802     
         303   55.929113075376804     
         304   54.154939426854575     
         305   55.251963480529845     
         306   56.256063177014518     
         307   56.248395282358025     
         308   57.731038397097990     
         309   59.286588854714779     
         310   58.499273854597874     
         311   58.204171032233184     
         312   58.952192869332272     
         313   58.918549179591203     
         314   57.653393645202293     
         315   56.203973300186455     
         316   57.211667471154179     
         317   56.901414337295030     
         318   56.918864991523002     
         319   55.568767267591539     
         320   54.323423682562535     
         321   54.156217596003827     
         322   54.992993369159507     
         323   55.850077025109876     
         324   54.461627458461017     
         325   54.223480837396821     
         326   55.712270178393446     
         327   55.144103518343925     
         328   55.541204175267090     
         329   56.054660375963138     
         330   53.173024536850406     
         331   52.188973042780447     
         332   52.608083654739694     
         333   52.300918129265817     
         334   53.696795547995478     
         335   53.151404746596448     
         336   55.012020956534265     
         337   54.006574086590824     
         338   54.134963628012144     
         339   53.307852155888625     
         340   53.064887771811819     
         341   52.035896119483681     
         342   50.515602047473180     
         343   50.636775901112770     
         344   49.593049082908081     
         345   50.842722599997785     
         346   50.494557047750547     
         347   51.636014522422442     
         348   52.311400187727870     
         349   52.181061298327229     
         350   52.092720630715313     
         351   51.827822662464129     
         352   50.825048360220165     
         353   47.254220424903352     
         354   48.826517411809171     
         355   48.137695026103451     
         356   49.961332933059232     
         357   47.424908497431176     
         358   49.304723788273812     
         359   48.716836960954190     
         360   48.101394273691042     
         361   50.639049761692881     
         362   51.023223470106153     
         363   49.127572674142485     
         364   47.586974264933858     
         365   48.139898035572060     
         366   47.348758140160811     
         367   50.087500450118633     
         368   52.505441887525990     
         369   53.113836485712895     
         370   53.301052584223150     
         371   51.165615855386669     
         372   52.876477343187986     
         373   53.173670430334290     
         374   53.045026628781343     
         375   52.164032936208173     
         376   54.655970539100515     
         377   54.077015476011198     
         378   53.232526657133057     
         379   54.885853720087880     
         380   55.017947511932469     
         381   55.811024398106021     
         382   56.023760481641510     
         383   54.160065344018101     
         384   55.850190793916468     
         385   55.873206787650716     
         386   54.180830322927164     
         387   55.345021565448477     
         388   55.289669071495418     
         389   54.485361522079977     
         390   54.341298634281316     
         391   54.506738058605741     
         392   55.128589090068061     
         393   56.177778730195776     
         394   56.142326130523436     
         395   57.060710635047997     
         396   56.781586934440547     
         397   56.241200861324891     
         398   56.883885352112259     
         399   56.027508028653116     
         400   56.090016111902067     
         401   55.572135241382661     
         402   55.965070347573565     
         403   54.291141831901342     
         404   53.412509866019526     
         405   51.243517099319192     
         406   52.195654216836168     
         407   54.990899308087002     
         408   55.938162477275206     
         409   56.427514212063414     
         410   56.617230519134466     
         411   56.185455797985746     
         412   56.054914487339744     
         413   57.647869280805956     
         414   56.204635685082934     
         415   58.908921816957516     
         416   59.410414562595363     
         417   61.188156255452952     
         418   60.979670452207365     
         419   61.046883472068380     
         420   60.037556856610749     
         421   57.135366662290828     
         422   57.426470286971920     
         423   58.190825938885247     
         424   59.646834938032725     
         425   59.324584434349227     
         426   59.056497464159307     
         427   58.089765916163117     
         428   57.273902616114270     
         429   56.976527246861998     
         430   55.334476664975817     
         431   55.881412923131919     
         432   55.087488870487363     
         433   56.140130823738559     
         434   55.617314141852653     
         435   55.756286363787659     
         436   52.232397504803906     
         437   53.449420474385363     
         438   54.507935319976859     
         439   55.038108460688875     
         440   56.057317020595029     
         441   56.091104448821184     
         442   57.621750673364673     
         443   57.167875034498252     
         444   57.173512299877373     
         445   56.633429539058426     
         446   56.296676069169060     
         447   54.492731194492308     
         448   53.425939897395743     
         449   53.109356523804458     
         450   52.066378752318393     
         451   50.203315145470377     
         452   48.997397551215037     
         453   47.145030855290159     
         454   48.224971721675239     
         455   48.709150197044295     
         456   47.421350916613093     
         457   49.760034325415241     
         458   49.764872545905831     
         459   50.258307583088474     
         460   51.890434963037578     
         461   53.679664119358236     
         462   54.315301092238215     
         463   55.598125016034544     
         464   54.757028274880334     
         465   52.085894653472351     
         466   53.507843850371330     
         467   52.997261176248138     
         468   52.682739796380240     
         469   51.805299503823939     
         470   52.642910193137531     
         471   51.372572636193610     
         472   51.218687790915219     
         473   49.440800559810498     
         474   48.701038302914156     
         475   47.662028458621172     
         476   45.584014174829747     
         477   46.329388793871459     
         478   43.297624736803336     
         479   44.036069379367035     
         480   42.349728789033470     
         481   43.104547658934919     
         482   43.290102631765265     
         483   45.063859522762172     
         484   45.446971994211310     
         485   44.249773964070080     
         486   44.433934370946645     
         487   44.227870972434722     
         488   43.242762487072824     
         489   44.788909994457356     
         490   44.107838224971673     
         491   45.021989756191928     
         492   45.060264953868874     
         493   45.974362681526479     
         494   44.208716769930255     
         495   42.575823369989720     
         496   42.223135767749277     
         497   42.448208625666354     
         498   44.306016571165735     
         499   44.283030184967984     
         500   44.860371620191209     
         501   45.172769005418324     
         502   45.221355049595260     
         503   45.390966425106228     
         504   44.362696304755708     
         505   42.163377196646778     
         506   44.973726484453074     
         507   45.141562294800011     
         508   45.354074831955849     
         509   47.726193776899628     
         510   48.111942105979047     
         511   48.070143388191781     
         512   47.226197121710378     
 
