           1   77.886732852290422     
           2   78.296245788501437     
           3   77.583356896243529     
           4   77.502782904596643     
           5   77.096943709186647     
           6   77.566306194141532     
           7   77.233302385673753     
           8   77.605532811840945     
           9   75.157676753221494     
          10   74.712047215849140     
          11   73.381286975233436     
          12   73.394128340322894     
          13   74.152564180783315     
          14   74.341232609861194     
          15   74.263239053484682     
          16   75.117506322701161     
          17   74.220442436026630     
          18   73.237629254417115     
          19   74.306462567600164     
          20   74.928006192351589     
          21   74.399795946444272     
          22   75.136306314581830     
          23   75.889992961348781     
          24   76.426470585707293     
          25   74.547992108857358     
          26   73.245119123333566     
          27   76.012260068139881     
          28   78.158441413462555     
          29   78.060246223508855     
          30   77.862190634587421     
          31   77.288668583049741     
          32   78.409679478010062     
          33   78.003568418744095     
          34   78.184155995675823     
          35   76.166783476159750     
          36   78.199128456418507     
          37   78.895103274897650     
          38   79.517461253991286     
          39   81.034819263404557     
          40   82.070562383327456     
          41   81.255867743960678     
          42   80.402859844898643     
          43   80.158746890934538     
          44   80.859582822639268     
          45   77.796535279769870     
          46   78.337255428102694     
          47   78.911812156070127     
          48   78.206938876333211     
          49   77.180239618650461     
          50   78.327713752083866     
          51   78.954298368767184     
          52   80.783537737659017     
          53   80.349047504373985     
          54   79.452461487131714     
          55   79.416045879175812     
          56   80.926996991902612     
          57   80.941837145792547     
          58   79.247325696577377     
          59   78.755247816578873     
          60   77.179938430499874     
          61   75.401609389978049     
          62   76.912701652513931     
          63   76.345774189590756     
          64   74.405936331549171     
          65   74.740046834597337     
          66   74.338858833509306     
          67   74.098581507013705     
          68   76.590161669264745     
          69   78.280250774332828     
          70   78.032938768575590     
          71   77.784981083509393     
          72   76.490194203780831     
          73   78.682886414423365     
          74   78.422790823289446     
          75   77.270109416262372     
          76   79.837820713172263     
          77   80.055674916166922     
          78   79.212720322090561     
          79   79.829342520483365     
          80   79.956409097755625     
          81   78.483255207835256     
          82   78.044485777617808     
          83   79.132044306480509     
          84   80.163711090176747     
          85   81.015472000641850     
          86   81.653621747691261     
          87   80.738754419126437     
          88   80.062322684741318     
          89   79.304226980524433     
          90   79.486313308821053     
          91   80.070308661862384     
          92   79.042651871130531     
          93   79.148413953667969     
          94   78.221810603285945     
          95   78.806395590799539     
          96   76.504760510255664     
          97   75.410488338297156     
          98   74.429937120237796     
          99   73.337222779091874     
         100   76.096968591977273     
         101   78.072080835996260     
         102   79.241731667808594     
         103   79.103321899030774     
         104   78.915333537979748     
         105   78.318373449199271     
         106   78.028433248402095     
         107   77.352630981053267     
         108   77.770658006263631     
         109   78.406905484473469     
         110   78.655191757555727     
         111   75.387896480028843     
         112   76.121513345842004     
         113   76.158982728347723     
         114   76.100467041679337     
         115   76.681542464988965     
         116   77.061885430184844     
         117   76.045984178427062     
         118   75.804306240238617     
         119   74.327370170925050     
         120   74.286266209881575     
         121   73.082979188401438     
         122   74.879472455428072     
         123   74.341190901000218     
         124   75.048384166239160     
         125   75.373112427858473     
         126   73.162569348703755     
         127   71.917458245095887     
         128   70.301263195722214     
         129   71.069723175091909     
         130   70.237985141634098     
         131   69.028138113433556     
         132   68.122721138506861     
         133   68.528082639553034     
         134   68.694053839673401     
         135   66.402862222042273     
         136   64.581314846100568     
         137   67.252491874964477     
         138   67.217710549259891     
         139   65.157957923140344     
         140   62.162414347428708     
         141   63.270462367419256     
         142   62.340942283511524     
         143   60.373823918799268     
         144   61.070162173944063     
         145   61.143885490189426     
         146   61.301084853108520     
         147   61.931295055379344     
         148   61.176945122830020     
         149   62.295593448970592     
         150   62.389818729917430     
         151   63.876390174341743     
         152   64.478920244196416     
         153   65.125642145622649     
         154   66.769414817149027     
         155   68.311595986647788     
         156   68.184985577974260     
         157   68.784853827950627     
         158   67.318551114730269     
         159   68.458194335061691     
         160   70.076885768828120     
         161   72.031212325962997     
         162   73.079586422177158     
         163   73.142058484203645     
         164   72.269335273377763     
         165   71.290569383472246     
         166   73.044790451491650     
         167   74.011853101663050     
         168   74.511016557434615     
         169   74.232204366047000     
         170   73.223055728817329     
         171   73.405926413975664     
         172   75.425027813035214     
         173   74.541032045763060     
         174   76.710744627907644     
         175   77.082052033431353     
         176   75.207641650558685     
         177   76.453312506208405     
         178   77.618989667796114     
         179   76.323688396899087     
         180   77.072338472731417     
         181   79.803927223897077     
         182   80.127470960685756     
         183   80.765439632967102     
         184   81.019575680702971     
         185   83.004288873972953     
         186   83.060261372801307     
         187   81.410945310562568     
         188   80.402834135225049     
         189   80.325240488223471     
         190   80.916683229180919     
         191   79.207164225137390     
         192   79.874446067146351     
         193   79.088004745297013     
         194   78.076952823742872     
         195   76.652303421129929     
         196   76.111384165998416     
         197   77.860080436826081     
         198   77.945342030880724     
         199   77.312990071914342     
         200   76.578436154501233     
         201   75.173288464783923     
         202   76.333019254961684     
         203   76.889675597154081     
         204   76.255085050999938     
         205   75.718547189196599     
         206   75.144322648602369     
         207   74.598281396052741     
         208   75.779761811378620     
         209   75.836125327603455     
         210   75.053008802220489     
         211   73.967392103288319     
         212   73.783881636111488     
         213   72.597521907658574     
         214   71.983747822218064     
         215   72.044918595124031     
         216   71.245675788462421     
         217   70.350951116215995     
         218   73.486030448846179     
         219   73.396916002742330     
         220   73.804289655863130     
         221   72.067187367702630     
         222   72.205096653969534     
         223   73.150690365230304     
         224   70.865075946164666     
         225   69.216648764739929     
         226   69.390974997336215     
         227   70.834238384300633     
         228   70.943940991726905     
         229   72.859198344384055     
         230   71.394244361783279     
         231   72.748519190849251     
         232   72.283622465425907     
         233   72.020189887936624     
         234   73.558214546949188     
         235   74.085309351420136     
         236   73.997475072715972     
         237   74.751826129682726     
         238   75.162039024445136     
         239   75.645666875870845     
         240   76.918554494776984     
         241   75.052431817908982     
         242   72.402033502732962     
         243   73.030215788442916     
         244   71.659085591588479     
         245   71.051962279268025     
         246   70.415764966229531     
         247   72.071296808347313     
         248   71.941088421462609     
         249   72.157120123321178     
         250   72.017820741793145     
         251   73.228462455610767     
         252   73.088778192296289     
         253   72.278066737118010     
         254   73.101500700191906     
         255   73.611589443708766     
         256   73.784395400744202     
         257   72.757470716741267     
         258   71.909107611761385     
         259   72.095649444954049     
         260   70.353806008307714     
         261   72.046631730556854     
         262   72.174075376324694     
         263   70.191615146252218     
         264   69.253220295040180     
         265   68.108165878471297     
         266   68.148569754739256     
         267   69.203814636321212     
         268   71.828031462879338     
         269   72.965596943191926     
         270   72.730809343378709     
         271   71.309507020995923     
         272   70.490479221090411     
         273   69.568707825983182     
         274   69.185028220716461     
         275   69.809047486502564     
         276   67.852927961808135     
         277   66.457857792721242     
         278   65.042091396396074     
         279   64.066751697739946     
         280   64.062400910888513     
         281   64.143740474203142     
         282   63.305072953666169     
         283   63.205756773759170     
         284   62.066838119920334     
         285   60.968712969931758     
         286   59.155918869193158     
         287   58.851852471139601     
         288   56.085223774301333     
         289   54.679018895534909     
         290   55.919382060291262     
         291   54.058603905367200     
         292   51.330412713188522     
         293   47.424148102321460     
         294   49.765286678020715     
         295   48.382602717575047     
         296   50.375073912112825     
         297   51.571734282717244     
         298   52.247768280517107     
         299   54.190662067419133     
         300   55.139615851501389     
         301   55.194890905374322     
         302   55.117687470365787     
         303   55.921354163456286     
         304   54.125779853961831     
         305   53.258936678086009     
         306   51.342334105011744     
         307   54.333574928259445     
         308   55.399435407657435     
         309   55.885554621539455     
         310   54.050251649364327     
         311   53.503641853448777     
         312   53.249180975116460     
         313   53.529538763239195     
         314   53.161340916214478     
         315   52.316103706624510     
         316   55.287962563081230     
         317   56.563379738041505     
         318   56.297313132885421     
         319   55.076858129758499     
         320   55.176330184438370     
         321   55.944332447184095     
         322   56.148603042297182     
         323   54.359250191602897     
         324   57.897627451690930     
         325   58.090982871181197     
         326   59.030017663790446     
         327   60.172462184870227     
         328   61.353714011455892     
         329   61.642754608598906     
         330   61.942266970044670     
         331   61.348457832666014     
         332   61.998885035005600     
         333   62.253682496764746     
         334   63.330853117779981     
         335   65.382575002121229     
         336   65.905629637420262     
         337   67.044164492378997     
         338   67.022661071876769     
         339   67.630351858785204     
         340   65.696556216502472     
         341   67.798624026699358     
         342   67.978953873012685     
         343   66.235687403732385     
         344   67.204742926111052     
         345   69.958095477337110     
         346   72.449719774941769     
         347   72.928030904034088     
         348   72.437783249602262     
         349   73.196079789250575     
         350   73.369242048940407     
         351   74.346252394760398     
         352   76.272866395463652     
         353   77.327921054503491     
         354   78.038718484725806     
         355   77.245699163494052     
         356   77.997219187878912     
         357   77.309340852673486     
         358   76.804116716480848     
         359   75.182714242259152     
         360   75.293202788506207     
         361   75.268424634765012     
         362   76.033840368209198     
         363   76.293592984817380     
         364   76.604900811561961     
         365   75.366511962985740     
         366   74.122077876883054     
         367   74.843708553497834     
         368   73.165145019661864     
         369   72.235497563422143     
         370   70.523997576162870     
         371   74.813331777997007     
         372   76.075151130977986     
         373   77.077893098166470     
         374   79.842646631481529     
         375   80.294842016751559     
         376   81.510189238190293     
         377   81.506411509424652     
         378   81.385503623447249     
         379   81.308256378682188     
         380   81.526956856497321     
         381   81.410550518764751     
         382   79.266237511110077     
         383   80.193123448574326     
         384   79.238403343181602     
         385   78.872576041711042     
         386   76.704010717428346     
         387   76.289925870285543     
         388   75.029369081952154     
         389   72.302352042896715     
         390   75.330531389496798     
         391   74.632831194533139     
         392   73.765032197644942     
         393   74.047670881261226     
         394   74.251990567009472     
         395   73.459036457135767     
         396   75.593160036368488     
         397   75.754297594443571     
         398   74.435580389437845     
         399   74.318424228454006     
         400   76.483656494005714     
         401   78.288740382446179     
         402   79.221480176678426     
         403   80.046462304771751     
         404   81.299217640453975     
         405   81.072254558241269     
         406   80.533644267626642     
         407   83.477200663732432     
         408   82.144037919431398     
         409   82.244843619923145     
         410   84.106684862333680     
         411   85.707712237632975     
         412   85.471053886291429     
         413   83.213641599303401     
         414   82.480067016292224     
         415   83.839032522799897     
         416   84.537875458352403     
         417   84.872939663767099     
         418   84.960868229098921     
         419   84.858709283643250     
         420   84.363267857903651     
         421   83.045992141908485     
         422   84.678263885708517     
         423   83.621879287814011     
         424   83.973717639139281     
         425   81.029567623731978     
         426   80.456799831179580     
         427   80.101207571254790     
         428   80.920462023334238     
         429   80.092128950309103     
         430   80.105785169260429     
         431   78.394114336527380     
         432   79.265432373163208     
         433   79.182165359358393     
         434   79.233569756787219     
         435   77.958929482279871     
         436   76.404928235361552     
         437   75.905654300640180     
         438   76.005850187631751     
         439   74.409722467693754     
         440   72.234929681585427     
         441   69.228253185840458     
         442   66.656745763370125     
         443   64.272332628639276     
         444   63.211841959925458     
         445   60.154503875896488     
         446   59.191946652024406     
         447   58.410924688697605     
         448   59.711696709854500     
         449   58.381547228166738     
         450   59.771690415594783     
         451   61.508133372486114     
         452   62.973326114621067     
         453   62.904495656502363     
         454   62.558620364843073     
         455   64.606014325386042     
         456   63.023870849626533     
         457   61.305521850285629     
         458   61.925480321917668     
         459   63.201533913444379     
         460   64.312523622907960     
         461   62.137338629100007     
         462   62.445783850094898     
         463   64.282107560607088     
         464   65.941944770720738     
         465   64.043542205313571     
         466   64.298616538387492     
         467   62.387399173662416     
         468   64.100648375892817     
         469   63.053897168026474     
         470   64.161422094262136     
         471   65.124482461630137     
         472   66.035413250724289     
         473   66.331494358040914     
         474   66.995144368781595     
         475   66.146354747953481     
         476   65.567217286173999     
         477   65.435526001232319     
         478   67.150211344946712     
         479   67.212325705898337     
         480   67.961992068913702     
         481   67.957076957213488     
         482   67.863009365724679     
         483   68.317277240096203     
         484   68.573989713452704     
         485   68.462604980218885     
         486   68.782006337250536     
         487   68.709410394751245     
         488   69.218961484456699     
         489   71.332669798397831     
         490   70.581050276122198     
         491   73.476424398751874     
         492   72.923297712421885     
         493   73.069826321879191     
         494   73.928719722968367     
         495   74.183202980476793     
         496   74.119673446009116     
         497   74.950905764185009     
         498   75.398234601144495     
         499   74.508418186598320     
         500   74.930494950258748     
         501   74.966608949458816     
         502   74.259242249846025     
         503   73.019332485534377     
         504   73.885946559347659     
         505   74.958369908084308     
         506   75.375527191012750     
         507   75.947668016960264     
         508   76.875894742522121     
         509   75.256801952987729     
         510   75.079082949564068     
         511   76.250569036041497     
         512   77.095654223171962     
 
           1   77.898888382539099     
           2   78.324886065084641     
           3   77.597510472951754     
           4   77.530749877206205     
           5   77.108984065749610     
           6   77.588712317642987     
           7   77.242310378070925     
           8   77.628386882875276     
           9   75.169280430015689     
          10   74.724485062757495     
          11   73.391193333297878     
          12   73.412334739383766     
          13   74.159146911648747     
          14   74.356824235703201     
          15   74.275367404418461     
          16   75.129305888183794     
          17   74.229881457484808     
          18   73.245239353051986     
          19   74.326875812572197     
          20   74.951515010246879     
          21   74.418767191862003     
          22   75.143663264889895     
          23   75.902202313380826     
          24   76.447057796571173     
          25   74.606105363025065     
          26   73.266091880542632     
          27   76.019213664786449     
          28   78.171480141324452     
          29   78.084059701060369     
          30   77.873004767079493     
          31   77.305651958207122     
          32   78.424869504781299     
          33   78.009568951453488     
          34   78.200341453798686     
          35   76.174098351052919     
          36   78.246448594544816     
          37   78.917986029538071     
          38   79.566764015570968     
          39   81.066212369921175     
          40   82.082644886807373     
          41   81.269385720456782     
          42   80.423816796201166     
          43   80.172705378765315     
          44   80.876815085172268     
          45   77.823223072836981     
          46   78.345288570200793     
          47   78.915882752007050     
          48   78.218972054185528     
          49   77.193128121279699     
          50   78.342906455550605     
          51   78.960379990356273     
          52   80.823081902567694     
          53   80.373858599636165     
          54   79.462719265194949     
          55   79.426573488689300     
          56   80.948018285185825     
          57   80.945599083958527     
          58   79.255301959483305     
          59   78.766529687947937     
          60   77.188941798726376     
          61   75.413558102424247     
          62   76.921442908144272     
          63   76.402631817935514     
          64   74.418551709402095     
          65   74.757071104109215     
          66   74.350458069347425     
          67   74.132548061363835     
          68   76.601706352466039     
          69   78.293561913498579     
          70   78.062128622466332     
          71   77.807990338001858     
          72   76.508498679728646     
          73   78.711982866755989     
          74   78.521256825629052     
          75   77.279395728304550     
          76   79.847157860876180     
          77   80.068476173311197     
          78   79.224107686625047     
          79   79.852790086720361     
          80   79.962246276593589     
          81   78.514911855977388     
          82   78.051546225669640     
          83   79.141700812284910     
          84   80.183554497464911     
          85   81.034997512807919     
          86   81.674103862229202     
          87   80.780717700890690     
          88   80.073168677301737     
          89   79.323912914881575     
          90   79.537138158810407     
          91   80.102649891901791     
          92   79.078496011012376     
          93   79.327085148291786     
          94   78.334485524744977     
          95   79.065799878422624     
          96   80.158256892288065     
          97   79.709358444482021     
          98   79.044285860369627     
          99   79.072066745634018     
         100   80.671148239719187     
         101   82.088234634516894     
         102   81.114952481543867     
         103   81.821612892545446     
         104   81.091370173081160     
         105   80.132786971253779     
         106   81.050030964202620     
         107   81.140777608175370     
         108   81.500305309567153     
         109   82.861568084547713     
         110   80.979093674091459     
         111   81.920370019282288     
         112   82.273572649379048     
         113   81.006947371333368     
         114   80.728746745731002     
         115   79.474181394134590     
         116   77.514261677047600     
         117   76.130953791779191     
         118   75.959508323949109     
         119   74.398756302116510     
         120   74.343781444556114     
         121   73.098109313277135     
         122   74.960023445400708     
         123   74.369229855338162     
         124   75.068529953375744     
         125   75.406822837097991     
         126   73.180638618810306     
         127   71.940003775942330     
         128   70.357718440851187     
         129   71.092653441299433     
         130   70.271189897111284     
         131   69.068266177432292     
         132   68.179560023536055     
         133   68.710537371303104     
         134   68.948372746705871     
         135   68.328070863436608     
         136   69.005760144562274     
         137   68.720595021652372     
         138   68.490048307228804     
         139   65.594268223224390     
         140   62.276036812773704     
         141   63.326133774098317     
         142   62.390502295174620     
         143   60.450399090619499     
         144   61.108414450957817     
         145   61.151393151977473     
         146   61.311454433303574     
         147   61.940617353304866     
         148   61.187767138022807     
         149   62.303683714014724     
         150   62.399677535639391     
         151   63.886590396815109     
         152   64.496376283114685     
         153   65.131415098458845     
         154   66.808058712730244     
         155   68.331124123207431     
         156   68.191855755787074     
         157   68.812758137602813     
         158   67.339361502192261     
         159   68.492007168783218     
         160   70.082406841719745     
         161   72.039443861263550     
         162   73.096172589109528     
         163   73.148487869381526     
         164   72.278404675898685     
         165   71.302327812988665     
         166   73.051973943109957     
         167   74.030114186837068     
         168   74.533900529741118     
         169   74.244161042589127     
         170   73.234632945753262     
         171   73.420473409077914     
         172   75.450316349157916     
         173   74.559403591592684     
         174   76.739199586781055     
         175   77.105334546544682     
         176   75.224610645006990     
         177   76.493199733262657     
         178   77.643634592609899     
         179   76.355426870862757     
         180   77.079226111457700     
         181   79.834850382295770     
         182   80.145873329753840     
         183   80.802649694875242     
         184   81.105879624816410     
         185   83.107245419761043     
         186   83.697397527795530     
         187   83.807097224765172     
         188   83.171962208621707     
         189   83.137456213360110     
         190   81.043363370859808     
         191   79.294126899760940     
         192   79.926737343034915     
         193   79.104865779341537     
         194   78.101652087362311     
         195   76.707482135415972     
         196   76.167575816188560     
         197   77.929270971908579     
         198   78.040689765041606     
         199   77.471594293659351     
         200   77.808936245162286     
         201   75.461944805399455     
         202   78.035797156108174     
         203   77.147009180707073     
         204   78.380412285898444     
         205   78.709819738831996     
         206   79.382312671476058     
         207   79.121879959741008     
         208   78.846067492656275     
         209   78.111531722845299     
         210   75.221691520009429     
         211   74.071795800382901     
         212   73.877136132160928     
         213   72.727789650109813     
         214   72.001828689554259     
         215   72.111469786076668     
         216   71.262856248045892     
         217   70.362829011379176     
         218   73.506841842808214     
         219   73.411826934888424     
         220   73.827837956192511     
         221   72.081180338604398     
         222   72.219356161431861     
         223   73.164288490517464     
         224   70.874408454898926     
         225   69.252760185128253     
         226   69.410168209747724     
         227   70.846668620141713     
         228   70.956753254970351     
         229   72.908247630587937     
         230   71.456142779986436     
         231   72.764565946530652     
         232   72.301887810199659     
         233   72.035889421057902     
         234   73.580148215574624     
         235   74.096309897644076     
         236   74.005327875515604     
         237   74.776942181828417     
         238   75.173227988039514     
         239   75.660542525494691     
         240   76.928029969190476     
         241   75.063390135053922     
         242   72.415835264351813     
         243   73.045233877828878     
         244   71.674269092626986     
         245   71.058761935495497     
         246   70.431220346871996     
         247   72.084453247926845     
         248   71.948762929573888     
         249   72.178703535216414     
         250   72.028252974719706     
         251   73.249957961841432     
         252   73.110351475428672     
         253   72.333660212942462     
         254   73.120303446161145     
         255   73.677348524089368     
         256   73.802387611165457     
         257   72.774653048504064     
         258   71.925218362787319     
         259   72.150025975049417     
         260   70.469369370922124     
         261   72.284776261361642     
         262   72.270620964183649     
         263   70.216817868724632     
         264   69.285723259684133     
         265   68.144636605843303     
         266   68.177353554964597     
         267   69.258871383869192     
         268   71.972994992899615     
         269   73.182429984827905     
         270   73.785824119539626     
         271   74.548950985582536     
         272   73.994634497160931     
         273   72.121681803426199     
         274   71.825760640657904     
         275   72.316189110679545     
         276   74.110661459098054     
         277   73.079126442751019     
         278   73.928540406994614     
         279   74.360647720982996     
         280   74.223037519020082     
         281   72.583773171720438     
         282   74.956123821342445     
         283   76.340425613500031     
         284   77.926191417382867     
         285   77.994967139785132     
         286   79.992887891887946     
         287   81.878274392691935     
         288   82.157804660221444     
         289   80.939855015164071     
         290   81.541648466515454     
         291   83.042255173733778     
         292   83.931517675515039     
         293   83.098869527301432     
         294   83.183716145203562     
         295   84.275825403600621     
         296   86.726413667286153     
         297   88.064615688672063     
         298   88.490482150245882     
         299   88.543697271123321     
         300   87.968953286489565     
         301   88.976534901036459     
         302   87.986310455230566     
         303   86.371703059986089     
         304   86.822249675501482     
         305   85.174364043676746     
         306   84.995928986450323     
         307   85.516757360602028     
         308   84.850597953157163     
         309   83.262824736058533     
         310   84.118001376437050     
         311   86.186618510330121     
         312   86.837889512342088     
         313   85.050790597753519     
         314   84.037331719887078     
         315   83.648537467381303     
         316   84.750408060792452     
         317   83.907994845421456     
         318   84.079145887775681     
         319   82.094304609462142     
         320   80.162459542359471     
         321   78.318153620529259     
         322   79.178430256793035     
         323   79.284881958622904     
         324   80.053865358437449     
         325   80.850747619699135     
         326   80.936806978277076     
         327   81.102765696172725     
         328   81.186374081596639     
         329   80.412004110457346     
         330   80.003946533774823     
         331   80.343240994248717     
         332   79.534065502407145     
         333   77.346053579727581     
         334   77.883505005566164     
         335   76.172930799961023     
         336   75.484279960079590     
         337   73.476963820712811     
         338   73.167799846838122     
         339   72.125260156147235     
         340   74.153612934530813     
         341   75.064774530883255     
         342   73.544732240402851     
         343   75.285895148006247     
         344   76.609572823629946     
         345   75.949959412111525     
         346   75.397457121529257     
         347   76.061910016671391     
         348   76.439131369794268     
         349   76.191277483769937     
         350   77.208566319898821     
         351   78.309165959377680     
         352   79.430437905610646     
         353   81.368421479163416     
         354   81.075173761353128     
         355   79.402045503558185     
         356   78.167018326799351     
         357   77.455643635831819     
         358   76.875130894916964     
         359   75.291657817543424     
         360   75.358467201419813     
         361   75.315694563875709     
         362   76.079833972816630     
         363   76.350030741734145     
         364   76.636743080658960     
         365   75.390072026823617     
         366   74.146542378622783     
         367   74.866835517280506     
         368   73.196023693352558     
         369   72.257543604839412     
         370   70.576869715188963     
         371   74.840971045253696     
         372   76.096195629743178     
         373   77.092712519266854     
         374   79.874886884113153     
         375   80.424989535912445     
         376   81.575099570879374     
         377   81.592064228674261     
         378   81.427479112630678     
         379   81.331275903574578     
         380   81.560662553953946     
         381   81.458538300734645     
         382   79.280803886402481     
         383   80.212793224030932     
         384   79.248767583002433     
         385   78.880055635465169     
         386   76.723109792194393     
         387   76.306125504142528     
         388   75.035719928249364     
         389   72.314345960289344     
         390   75.353724008140588     
         391   74.664468925114846     
         392   73.787050633403027     
         393   74.057186939811430     
         394   74.262638796776827     
         395   73.483824685569886     
         396   75.611425728252271     
         397   75.765738484533884     
         398   74.453374604682594     
         399   74.332712544931397     
         400   76.501327866703477     
         401   78.320493544739705     
         402   79.238159990465164     
         403   80.061079741808697     
         404   81.313682619363632     
         405   81.121055289513052     
         406   80.614293361346412     
         407   83.511259240889217     
         408   82.163083773650598     
         409   82.268246355413524     
         410   84.122191741827024     
         411   85.726675953162726     
         412   85.510452130678502     
         413   83.255528400718731     
         414   82.543690437134913     
         415   83.859065915459823     
         416   84.607420821523945     
         417   84.908518606466302     
         418   84.978200004813957     
         419   84.927283894964432     
         420   84.451183163478277     
         421   83.099967113549781     
         422   84.771064989326248     
         423   83.712825452824177     
         424   84.017143920744772     
         425   81.055568151290188     
         426   80.543735580971443     
         427   80.131654309984128     
         428   80.964324358842788     
         429   80.202284756831730     
         430   80.506190380643517     
         431   82.094628940812711     
         432   82.266490273881274     
         433   83.889992670421549     
         434   82.965691805262537     
         435   82.245020421755711     
         436   84.645046378283340     
         437   83.096711725051151     
         438   81.305288983694894     
         439   79.733194716003112     
         440   82.182558798916574     
         441   82.802377542403619     
         442   81.929977106226914     
         443   81.282988364358403     
         444   83.650222809487573     
         445   84.877248486640042     
         446   84.380687178824630     
         447   84.113735523650163     
         448   84.285229455326231     
         449   83.999948184289323     
         450   84.620696290757536     
         451   84.938452336775029     
         452   82.401926551400820     
         453   83.293112014024643     
         454   82.845040729740660     
         455   82.720161221124698     
         456   81.036612152046345     
         457   81.971687616135796     
         458   82.162668462938569     
         459   83.165464068950328     
         460   82.914043003862091     
         461   80.967862219091160     
         462   80.230821514199434     
         463   79.359676094140369     
         464   80.705748250293468     
         465   79.438548739843142     
         466   80.386000433957051     
         467   80.834445290589869     
         468   81.273663619081475     
         469   81.193123344847820     
         470   81.775131153011813     
         471   80.292352096513383     
         472   80.408434507621919     
         473   80.047040178735386     
         474   79.514172943424214     
         475   79.695584662911344     
         476   79.854102456491646     
         477   77.260692418991667     
         478   79.131819891229981     
         479   80.170875061125955     
         480   80.162287973898700     
         481   81.189698488526290     
         482   79.884772192615230     
         483   79.169341498619872     
         484   79.132975926510312     
         485   79.629410324537332     
         486   80.352000943837922     
         487   80.658135950280467     
         488   78.406959916815595     
         489   77.903766926656743     
         490   76.515647226097755     
         491   74.842706707617808     
         492   73.204050738309846     
         493   73.248477885521424     
         494   74.091585074495484     
         495   74.321441290382836     
         496   74.167451760092220     
         497   74.989389586304767     
         498   75.502107116147201     
         499   74.683484350698066     
         500   74.996512350024403     
         501   74.987874570831238     
         502   74.276675843547622     
         503   73.041081780926604     
         504   73.935401986585433     
         505   74.983097979097607     
         506   75.477172540587745     
         507   75.977425725609024     
         508   76.896155801987305     
         509   75.281666109083233     
         510   75.090442013767003     
         511   76.286786214024872     
         512   77.111231972769730     
 
